u1,u2,u3,y,ysp
11.369,0.55,16.6,7,5
9.7782,0.55,16.6,7.0015,5
9.0234,0.55,16.6,6.7972,5
8.6122,0.55,16.6,6.5919,5
8.4181,0.55,16.6,6.4073,5
8.3936,0.55,16.6,6.2364,5
8.5118,0.55,16.6,6.0717,5
8.7504,0.55,16.6,5.9077,5
9.0858,0.55,16.6,5.7396,5
9.4902,0.55,16.6,5.5647,5
9.9312,0.55,16.6,5.3839,5
10.37,0.55,16.6,5.2073,5
10.76,0.55,16.6,5.0583,5
11.053,0.55,16.6,4.9621,5
11.223,0.55,16.6,4.9241,5
11.278,0.55,16.6,4.9301,5
11.253,0.55,16.6,4.9588,5
11.191,0.55,16.6,4.9915,5
11.125,0.55,16.6,5.0171,5
11.073,0.55,16.6,5.0318,5
11.043,0.55,16.6,5.0364,5
11.032,0.55,16.6,5.034,5
11.035,0.55,16.6,5.0281,5
11.043,0.55,16.6,5.0212,5
11.054,0.55,16.6,5.0153,5
11.063,0.55,16.6,5.011,5
11.068,0.55,16.6,5.0085,5
11.071,0.55,16.6,5.0074,5
11.071,0.55,16.6,5.0072,5
11.069,0.55,16.6,5.0073,5
11.068,0.55,16.6,5.0074,5
11.066,0.55,16.6,5.0073,5
11.065,0.55,16.6,5.007,5
11.064,0.55,16.6,5.0065,5
11.064,0.55,16.6,5.0059,5
11.064,0.55,16.6,5.0053,5
11.065,0.55,16.6,5.0048,5
11.065,0.55,16.6,5.0043,5
11.065,0.55,16.6,5.0039,5
11.065,0.55,16.6,5.0035,5
11.065,0.55,16.6,5.0032,5
11.065,0.55,16.6,5.0029,5
11.065,0.55,16.6,5.0027,5
11.065,0.55,16.6,5.0025,5
11.065,0.55,16.6,5.0023,5
11.065,0.55,16.6,5.0021,5
11.065,0.55,16.6,5.0019,5
11.065,0.55,16.6,5.0017,5
11.065,0.55,16.6,5.0016,5
11.065,0.55,16.6,5.0014,5
16.64,0.55,16.6,5.0013,8
18.924,0.55,16.6,5.0012,8
19.619,0.55,16.6,5.5248,8
20.08,0.55,16.6,5.8945,8
20.355,0.55,16.6,6.1603,8
20.418,0.55,16.6,6.3903,8
20.254,0.55,16.6,6.6138,8
19.845,0.55,16.6,6.853,8
19.164,0.55,16.6,7.138,8
18.157,0.55,16.6,7.5391,8
16.802,0.55,16.6,8.2387,8
15.816,0.55,16.6,8.6891,8
15.53,0.55,16.6,8.6931,8
15.883,0.55,16.6,8.4402,8
16.475,0.55,16.6,8.0613,8
16.829,0.55,16.6,7.8719,8
16.88,0.55,16.6,7.8747,8
16.728,0.55,16.6,7.975,8
16.517,0.55,16.6,8.0909,8
16.379,0.55,16.6,8.1499,8
16.366,0.55,16.6,8.1318,8
16.44,0.55,16.6,8.0707,8
16.525,0.55,16.6,8.015,8
16.571,0.55,16.6,7.99,8
16.57,0.55,16.6,7.9936,8
16.54,0.55,16.6,8.0107,8
16.509,0.55,16.6,8.0257,8
16.493,0.55,16.6,8.03,8
16.496,0.55,16.6,8.024,8
16.508,0.55,16.6,8.014,8
16.52,0.55,16.6,8.0059,8
16.525,0.55,16.6,8.0025,8
16.524,0.55,16.6,8.0031,8
16.519,0.55,16.6,8.0053,8
16.515,0.55,16.6,8.0069,8
16.513,0.55,16.6,8.0068,8
16.514,0.55,16.6,8.0055,8
16.516,0.55,16.6,8.0038,8
16.518,0.55,16.6,8.0025,8
16.518,0.55,16.6,8.002,8
16.518,0.55,16.6,8.0019,8
16.517,0.55,16.6,8.0021,8
16.517,0.55,16.6,8.0022,8
16.516,0.55,16.6,8.002,8
16.517,0.55,16.6,8.0017,8
16.517,0.55,16.6,8.0013,8
16.517,0.55,16.6,8.001,8
16.517,0.55,16.6,8.0009,8
16.517,0.55,16.6,8.0008,8
16.517,0.55,16.6,8.0008,8
10.438,0.55,16.6,8.0007,4.5
9.1747,0.55,16.6,8.0006,4.5
8.0951,0.55,16.6,7.1558,4.5
7.2555,0.55,16.6,6.7969,4.5
6.727,0.55,16.6,6.534,4.5
6.5038,0.55,16.6,6.3032,4.5
6.5824,0.55,16.6,6.0783,4.5
6.9634,0.55,16.6,5.8382,4.5
7.644,0.55,16.6,5.5538,4.5
8.598,0.55,16.6,5.1726,4.5
9.6448,0.55,16.6,4.7046,4.5
10.453,0.55,16.6,4.4275,4.5
10.957,0.55,16.6,4.3319,4.5
11.201,0.55,16.6,4.3235,4.5
11.245,0.55,16.6,4.3612,4.5
11.156,0.55,16.6,4.4222,4.5
11.002,0.55,16.6,4.4878,4.5
10.843,0.55,16.6,4.5418,4.5
10.717,0.55,16.6,4.5741,4.5
10.643,0.55,16.6,4.5838,4.5
10.616,0.55,16.6,4.5767,4.5
10.624,0.55,16.6,4.5611,4.5
10.648,0.55,16.6,4.5439,4.5
10.677,0.55,16.6,4.5295,4.5
10.701,0.55,16.6,4.5197,4.5
10.717,0.55,16.6,4.5143,4.5
10.725,0.55,16.6,4.5122,4.5
10.726,0.55,16.6,4.5123,4.5
10.723,0.55,16.6,4.5132,4.5
10.719,0.55,16.6,4.5142,4.5
10.714,0.55,16.6,4.5147,4.5
10.71,0.55,16.6,4.5147,4.5
10.707,0.55,16.6,4.5141,4.5
10.706,0.55,16.6,4.5131,4.5
10.705,0.55,16.6,4.5119,4.5
10.706,0.55,16.6,4.5106,4.5
10.706,0.55,16.6,4.5094,4.5
10.706,0.55,16.6,4.5083,4.5
10.707,0.55,16.6,4.5074,4.5
10.707,0.55,16.6,4.5066,4.5
10.707,0.55,16.6,4.5059,4.5
10.707,0.55,16.6,4.5054,4.5
10.708,0.55,16.6,4.5049,4.5
10.708,0.55,16.6,4.5045,4.5
10.708,0.55,16.6,4.5041,4.5
10.708,0.55,16.6,4.5038,4.5
10.708,0.55,16.6,4.5035,4.5
10.707,0.55,16.6,4.5033,4.5
10.707,0.55,16.6,4.503,4.5
10.707,0.55,16.6,4.5028,4.5
10.707,0.55,16.6,4.5025,4.5
10.707,0.55,16.6,4.5023,4.5
10.707,0.55,16.6,4.5021,4.5
10.707,0.55,16.6,4.5019,4.5
10.707,0.55,16.6,4.5018,4.5
10.707,0.55,16.6,4.5016,4.5
10.707,0.55,16.6,4.5015,4.5
10.707,0.55,16.6,4.5014,4.5
10.707,0.55,16.6,4.5013,4.5
10.707,0.55,16.6,4.5011,4.5
10.707,0.55,16.6,4.5011,4.5
10.707,0.55,16.6,4.501,4.5
10.707,0.55,16.6,4.5009,4.5
10.707,0.55,16.6,4.5008,4.5
10.707,0.55,16.6,4.5007,4.5
10.707,0.55,16.6,4.5006,4.5
10.707,0.55,16.6,4.5006,4.5
10.707,0.55,16.6,4.5005,4.5
10.707,0.55,16.6,4.5005,4.5
10.707,0.55,16.6,4.5004,4.5
10.707,0.55,16.6,4.5003,4.5
10.707,0.55,16.6,4.5003,4.5
10.707,0.55,16.6,4.5002,4.5
10.707,0.55,16.6,4.5002,4.5
10.707,0.55,16.6,4.5002,4.5
10.707,0.55,16.6,4.5001,4.5
10.706,0.55,16.6,4.5001,4.5
10.706,0.55,16.6,4.5,4.5
10.705,0.55,16.6,4.4999,4.5
10.705,0.55,16.6,4.4998,4.5
10.705,0.55,16.6,4.4996,4.5
10.705,0.55,16.6,4.4994,4.5
10.706,0.55,16.6,4.4992,4.5
10.706,0.55,16.6,4.4991,4.5
10.707,0.55,16.6,4.499,4.5
10.707,0.55,16.6,4.499,4.5
10.708,0.55,16.6,4.4991,4.5
10.708,0.55,16.6,4.4992,4.5
10.708,0.55,16.6,4.4994,4.5
10.708,0.55,16.6,4.4996,4.5
10.708,0.55,16.6,4.4998,4.5
10.708,0.55,16.6,4.4999,4.5
10.707,0.55,16.6,4.5,4.5
10.707,0.55,16.6,4.5001,4.5
10.707,0.55,16.6,4.5001,4.5
10.707,0.55,16.6,4.5001,4.5
10.707,0.55,16.6,4.5001,4.5
10.707,0.55,16.6,4.5001,4.5
10.707,0.55,16.6,4.5,4.5
15.55,0.55,16.6,4.5,4.5
