u1,u2,u3,y,ysp
11.369,0.55,16.6,7,5
9.7782,0.55,16.6,7.0015,5
9.0234,0.55,16.6,6.7972,5
8.6122,0.55,16.6,6.5919,5
8.4181,0.55,16.6,6.4073,5
8.3936,0.55,16.6,6.2364,5
8.5118,0.55,16.6,6.0717,5
8.7504,0.55,16.6,5.9077,5
9.0858,0.55,16.6,5.7396,5
9.4902,0.55,16.6,5.5647,5
9.9312,0.55,16.6,5.3839,5
10.37,0.55,16.6,5.2073,5
10.76,0.55,16.6,5.0583,5
11.053,0.55,16.6,4.9621,5
11.223,0.55,16.6,4.9241,5
11.278,0.55,16.6,4.9301,5
11.253,0.55,16.6,4.9588,5
11.191,0.55,16.6,4.9915,5
11.125,0.55,16.6,5.0171,5
11.073,0.55,16.6,5.0318,5
11.043,0.55,16.6,5.0364,5
11.032,0.55,16.6,5.034,5
11.035,0.55,16.6,5.0281,5
11.043,0.55,16.6,5.0212,5
11.054,0.55,16.6,5.0153,5
11.063,0.55,16.6,5.011,5
11.068,0.55,16.6,5.0085,5
11.071,0.55,16.6,5.0074,5
11.071,0.55,16.6,5.0072,5
11.069,0.55,16.6,5.0073,5
11.068,0.55,16.6,5.0074,5
11.066,0.55,16.6,5.0073,5
11.065,0.55,16.6,5.007,5
11.064,0.55,16.6,5.0065,5
11.064,0.55,16.6,5.0059,5
11.064,0.55,16.6,5.0053,5
11.065,0.55,16.6,5.0048,5
11.065,0.55,16.6,5.0043,5
11.065,0.55,16.6,5.0039,5
11.065,0.55,16.6,5.0035,5
11.065,0.55,16.6,5.0032,5
11.065,0.55,16.6,5.0029,5
11.065,0.55,16.6,5.0027,5
11.065,0.55,16.6,5.0025,5
11.065,0.55,16.6,5.0023,5
11.065,0.55,16.6,5.0021,5
11.065,0.55,16.6,5.0019,5
11.065,0.55,16.6,5.0017,5
11.065,0.55,16.6,5.0016,5
11.065,0.55,16.6,5.0014,5
16.64,0.55,16.6,5.0013,8
18.924,0.55,16.6,5.0012,8
19.619,0.55,16.6,5.5248,8
20.08,0.55,16.6,5.8945,8
20.355,0.55,16.6,6.1603,8
20.418,0.55,16.6,6.3903,8
20.254,0.55,16.6,6.6138,8
19.845,0.55,16.6,6.853,8
19.164,0.55,16.6,7.138,8
17.808,0.55,16.6,7.5391,8
16.106,0.55,16.6,8.2387,8
15.788,0.55,16.6,8.6072,8
15.987,0.55,16.6,8.4287,8
16.424,0.55,16.6,8.135,8
16.729,0.55,16.6,7.954,8
16.798,0.55,16.6,7.9329,8
16.692,0.55,16.6,8.0025,8
16.528,0.55,16.6,8.0906,8
16.413,0.55,16.6,8.1375,8
16.395,0.55,16.6,8.1244,8
16.449,0.55,16.6,8.0755,8
16.517,0.55,16.6,8.0281,8
16.557,0.55,16.6,8.0041,8
16.559,0.55,16.6,8.0036,8
16.537,0.55,16.6,8.0152,8
16.512,0.55,16.6,8.0262,8
16.499,0.55,16.6,8.0293,8
16.5,0.55,16.6,8.0243,8
16.509,0.55,16.6,8.0157,8
16.518,0.55,16.6,8.0086,8
16.523,0.55,16.6,8.0051,8
16.523,0.55,16.6,8.005,8
16.519,0.55,16.6,8.0063,8
16.516,0.55,16.6,8.0073,8
16.514,0.55,16.6,8.0071,8
16.515,0.55,16.6,8.0059,8
16.516,0.55,16.6,8.0043,8
16.517,0.55,16.6,8.0031,8
16.518,0.55,16.6,8.0025,8
16.518,0.55,16.6,8.0024,8
16.517,0.55,16.6,8.0024,8
16.517,0.55,16.6,8.0024,8
16.517,0.55,16.6,8.0022,8
16.517,0.55,16.6,8.0018,8
16.517,0.55,16.6,8.0015,8
16.517,0.55,16.6,8.0012,8
16.517,0.55,16.6,8.0011,8
16.517,0.55,16.6,8.001,8
16.517,0.55,16.6,8.0009,8
16.517,0.55,16.6,8.0008,8
10.438,0.55,16.6,8.0007,4.5
9.1747,0.55,16.6,8.0006,4.5
8.0951,0.55,16.6,7.1558,4.5
7.2555,0.55,16.6,6.7969,4.5
6.727,0.55,16.6,6.534,4.5
6.5038,0.55,16.6,6.3032,4.5
6.5824,0.55,16.6,6.0783,4.5
6.9634,0.55,16.6,5.8382,4.5
7.644,0.55,16.6,5.5538,4.5
8.598,0.55,16.6,5.1726,4.5
9.6741,0.55,16.6,4.7046,4.5
10.675,0.55,16.6,4.4275,4.5
11.06,0.55,16.6,4.3345,4.5
11.214,0.55,16.6,4.3456,4.5
11.199,0.55,16.6,4.3926,4.5
11.082,0.55,16.6,4.4549,4.5
10.926,0.55,16.6,4.5149,4.5
10.783,0.55,16.6,4.5587,4.5
10.682,0.55,16.6,4.5803,4.5
10.631,0.55,16.6,4.5819,4.5
10.62,0.55,16.6,4.5705,4.5
10.636,0.55,16.6,4.554,4.5
10.662,0.55,16.6,4.5381,4.5
10.689,0.55,16.6,4.5258,4.5
10.709,0.55,16.6,4.518,4.5
10.721,0.55,16.6,4.5141,4.5
10.726,0.55,16.6,4.513,4.5
10.725,0.55,16.6,4.5134,4.5
10.721,0.55,16.6,4.5143,4.5
10.717,0.55,16.6,4.515,4.5
10.713,0.55,16.6,4.5152,4.5
10.709,0.55,16.6,4.5148,4.5
10.707,0.55,16.6,4.5141,4.5
10.706,0.55,16.6,4.5129,4.5
10.706,0.55,16.6,4.5117,4.5
10.706,0.55,16.6,4.5105,4.5
10.706,0.55,16.6,4.5093,4.5
10.707,0.55,16.6,4.5083,4.5
10.707,0.55,16.6,4.5074,4.5
10.707,0.55,16.6,4.5066,4.5
10.707,0.55,16.6,4.5059,4.5
10.708,0.55,16.6,4.5054,4.5
10.708,0.55,16.6,4.5049,4.5
10.708,0.55,16.6,4.5045,4.5
10.708,0.55,16.6,4.5041,4.5
10.708,0.55,16.6,4.5038,4.5
10.707,0.55,16.6,4.5035,4.5
10.707,0.55,16.6,4.5033,4.5
10.707,0.55,16.6,4.503,4.5
10.707,0.55,16.6,4.5028,4.5
10.707,0.55,16.6,4.5025,4.5
10.707,0.55,16.6,4.5023,4.5
10.707,0.55,16.6,4.5021,4.5
10.707,0.55,16.6,4.5019,4.5
10.707,0.55,16.6,4.5018,4.5
10.707,0.55,16.6,4.5016,4.5
10.707,0.55,16.6,4.5015,4.5
10.707,0.55,16.6,4.5014,4.5
10.707,0.55,16.6,4.5013,4.5
10.707,0.55,16.6,4.5011,4.5
10.707,0.55,16.6,4.5011,4.5
10.707,0.55,16.6,4.501,4.5
10.707,0.55,16.6,4.5009,4.5
10.707,0.55,16.6,4.5008,4.5
10.707,0.55,16.6,4.5007,4.5
10.707,0.55,16.6,4.5007,4.5
10.707,0.55,16.6,4.5006,4.5
10.707,0.55,16.6,4.5005,4.5
10.707,0.55,16.6,4.5005,4.5
10.707,0.55,16.6,4.5004,4.5
10.707,0.55,16.6,4.5003,4.5
10.707,0.55,16.6,4.5003,4.5
10.707,0.55,16.6,4.5003,4.5
10.707,0.55,16.6,4.5002,4.5
10.707,0.55,16.6,4.5002,4.5
10.707,0.55,16.6,4.5001,4.5
10.706,0.55,16.6,4.5001,4.5
10.706,0.55,16.6,4.5,4.5
10.705,0.55,16.6,4.4999,4.5
10.705,0.55,16.6,4.4998,4.5
10.705,0.55,16.6,4.4996,4.5
10.705,0.55,16.6,4.4994,4.5
10.706,0.55,16.6,4.4992,4.5
10.706,0.55,16.6,4.4991,4.5
10.707,0.55,16.6,4.499,4.5
10.707,0.55,16.6,4.499,4.5
10.708,0.55,16.6,4.4991,4.5
10.708,0.55,16.6,4.4992,4.5
10.708,0.55,16.6,4.4994,4.5
10.708,0.55,16.6,4.4996,4.5
10.708,0.55,16.6,4.4998,4.5
10.708,0.55,16.6,4.4999,4.5
10.707,0.55,16.6,4.5,4.5
10.707,0.55,16.6,4.5001,4.5
10.707,0.55,16.6,4.5001,4.5
10.707,0.55,16.6,4.5001,4.5
10.707,0.55,16.6,4.5001,4.5
10.707,0.55,16.6,4.5001,4.5
10.707,0.55,16.6,4.5,4.5
15.55,0.55,16.6,4.5,4.5
